from_td;to_td;dist
1;1;0
1;2;34
1;3;37
1;4;82
1;5;56
1;6;47
2;1;34
2;2;0
2;3;27
2;4;55
2;5;49
2;6;24
3;1;37
3;2;27
3;3;0
3;4;46
3;5;24
3;6;12
4;1;82
4;2;55
4;3;46
4;4;0
4;5;45
4;6;36
5;1;56
5;2;49
5;3;24
5;4;45
5;5;0
5;6;28
6;1;47
6;2;24
6;3;12
6;4;36
6;5;28
6;6;0
